10 11 13 16 15 False
3 6 9 10 11 12 12 False
43 46 49 52 54 58 False
59 60 61 63 65 68 75 False
60 62 63 65 63 66 69 71 False
80 83 85 88 85 87 84 False
30 31 32 31 33 33 False
9 11 14 12 16 False
38 39 40 43 42 45 50 False
58 61 63 63 66 False
15 17 18 20 20 21 23 21 False
17 19 22 24 25 25 28 28 False
60 63 66 67 67 69 73 False
42 44 44 45 52 False
22 23 27 30 32 34 False
22 23 25 26 28 31 35 33 False
11 14 16 19 22 26 26 False
38 41 44 48 52 False
15 17 21 24 26 33 False
50 51 54 61 62 65 68 False
37 40 42 44 49 50 47 False
6 7 8 14 14 False
17 20 25 27 31 False
68 69 70 73 76 81 87 False
83 81 82 83 85 87 90 92 False
52 51 54 56 58 57 False
93 90 91 92 92 False
12 9 10 12 14 15 16 20 False
26 24 26 27 33 False
17 15 14 17 19 False
99 96 97 96 97 99 98 False
9 7 5 8 8 False
59 58 61 63 62 64 68 False
24 23 25 28 26 28 35 False
93 90 92 94 94 95 False
72 69 72 73 76 77 77 75 False
46 45 47 47 49 49 False
61 60 63 64 64 66 70 False
35 32 35 36 37 37 40 47 False
6 3 6 9 13 15 16 False
29 28 31 33 35 36 40 38 False
22 21 25 26 26 False
51 50 51 54 58 60 64 False
83 82 86 88 95 False
79 76 83 86 89 False
19 17 23 25 26 25 False
19 18 21 28 30 31 31 False
72 70 72 73 74 77 82 86 False
40 39 40 47 53 False
7 7 9 12 15 18 19 False
57 57 59 62 63 65 63 False
57 57 59 62 65 66 66 False
26 26 29 31 33 34 38 False
44 44 47 50 52 59 False
19 19 21 20 22 25 27 False
76 76 79 77 74 False
61 61 64 63 65 65 False
80 80 81 83 85 83 87 False
63 63 66 67 65 71 False
48 48 48 50 51 53 56 58 False
17 17 17 18 17 False
66 66 68 68 68 False
78 78 79 79 83 False
1 1 3 4 7 8 8 13 False
14 14 18 20 21 False
22 22 25 27 31 28 False
32 32 34 38 38 False
49 49 51 52 54 56 60 64 False
85 85 89 91 93 94 99 False
28 28 29 30 35 38 39 False
10 10 11 18 20 22 25 24 False
87 87 90 96 96 False
47 47 48 51 58 62 False
7 7 8 9 11 12 18 25 False
70 74 75 77 79 82 False
27 31 32 33 34 35 37 34 False
45 49 52 55 57 60 62 62 False
39 43 44 47 50 51 55 False
42 46 49 50 53 54 59 False
5 9 12 10 12 False
69 73 74 73 74 75 72 False
76 80 82 84 81 84 84 False
29 33 31 33 35 39 False
49 53 54 55 56 57 54 59 False
42 46 46 47 50 52 False
65 69 69 72 70 False
72 76 76 78 80 82 83 83 False
45 49 52 53 53 57 False
37 41 42 45 45 50 False
56 60 62 63 67 68 False
35 39 40 43 46 49 53 51 False
7 11 15 17 20 21 24 24 False
2 6 7 9 13 17 False
43 47 50 52 56 59 64 False
12 16 19 22 28 30 33 False
43 47 48 53 54 57 55 False
83 87 88 95 95 False
57 61 63 64 66 73 75 79 False
57 61 64 69 71 76 False
86 93 95 96 97 99 False
30 35 37 39 38 False
11 17 19 20 20 False
20 26 29 32 36 False
68 73 74 77 80 87 False
37 42 44 43 46 49 50 51 False
48 55 58 56 57 58 57 False
36 42 39 42 43 44 44 False
20 25 28 25 27 29 31 35 False
14 20 23 21 22 23 25 32 False
77 82 83 83 84 86 88 91 False
30 36 37 40 40 42 43 42 False
15 21 22 25 27 27 28 28 False
46 52 55 55 56 58 62 False
15 22 23 23 24 27 34 False
22 29 30 34 37 False
5 11 14 18 20 18 False
7 12 16 18 21 22 22 False
39 45 47 51 54 56 58 62 False
57 63 67 70 71 76 False
72 79 84 86 87 90 False
80 85 92 93 96 93 False
72 78 83 84 84 False
46 52 55 57 58 64 68 False
69 75 78 80 87 93 False
89 88 85 82 80 77 74 75 False
14 13 11 9 8 5 2 2 False
93 91 88 86 83 79 False
39 37 35 34 32 30 28 21 False
52 51 52 49 47 45 False
96 95 94 93 90 88 91 93 False
35 34 36 35 34 33 33 False
39 37 38 37 34 32 31 27 False
24 23 24 22 16 False
60 57 57 54 53 52 50 48 False
36 35 34 33 33 32 31 34 False
76 74 71 71 71 False
32 29 28 26 23 23 19 False
91 88 86 86 83 77 False
42 41 39 35 33 False
27 24 22 18 19 False
19 16 15 13 10 6 6 False
50 49 45 43 41 38 34 False
48 46 45 41 34 False
83 80 78 77 71 68 False
46 44 38 37 39 False
39 38 37 31 29 27 27 False
21 19 18 16 15 9 5 False
81 79 78 71 69 66 63 56 False
69 71 68 67 66 65 False
11 12 11 10 7 10 False
83 84 83 81 78 77 75 75 False
19 20 18 15 14 12 11 7 False
80 81 80 77 75 69 False
17 19 20 17 16 15 False
45 48 47 44 41 44 41 42 False
40 43 41 44 44 False
56 57 59 57 53 False
93 96 99 96 93 91 88 83 False
79 80 78 75 73 73 72 False
4 7 4 4 3 4 False
65 66 65 65 62 60 58 58 False
43 45 44 44 40 False
81 83 82 82 81 76 False
92 95 91 89 88 87 False
30 31 27 24 26 False
20 22 21 18 15 11 11 False
31 32 31 27 26 24 21 17 False
43 46 45 44 42 40 36 31 False
47 50 48 47 46 40 37 36 False
23 26 24 22 16 15 12 13 False
86 88 86 84 81 80 75 75 False
88 90 88 87 82 80 76 False
83 85 80 77 75 70 False
13 13 12 10 8 5 3 1 False
48 48 46 44 41 43 False
86 86 83 81 78 78 False
82 82 81 80 77 73 False
23 23 20 19 18 16 14 7 False
76 76 75 73 71 73 71 False
41 41 39 38 35 37 39 False
98 98 96 94 92 93 93 False
49 49 48 51 47 False
79 79 81 80 77 75 72 67 False
37 37 36 35 35 32 False
18 18 17 15 15 13 15 False
6 6 6 4 4 False
35 35 34 33 33 29 False
71 71 70 70 69 67 62 False
91 91 89 85 82 79 77 False
62 62 60 56 58 False
16 16 14 11 7 7 False
88 88 86 82 78 False
88 88 86 85 81 78 73 False
21 21 19 18 11 8 False
12 12 6 4 6 False
79 79 74 71 71 False
65 65 60 59 55 False
45 45 43 40 38 33 28 False
44 40 37 36 34 33 32 31 False
15 11 8 7 9 False
83 79 77 74 74 False
68 64 62 60 59 55 False
77 73 71 68 67 64 61 55 False
56 52 50 49 47 49 48 False
74 70 67 70 68 66 68 False
56 52 54 52 49 47 47 False
31 27 25 26 23 21 20 16 False
89 85 83 86 81 False
38 34 34 31 28 26 24 False
48 44 43 40 38 38 40 False
23 19 19 17 16 15 15 False
93 89 88 87 86 86 82 False
91 87 85 85 82 77 False
58 54 50 48 46 44 41 False
90 86 82 80 77 76 77 False
83 79 77 73 73 False
52 48 47 43 39 False
38 34 30 27 21 False
98 94 93 92 85 82 False
63 59 53 51 52 False
69 65 63 61 56 55 55 False
84 80 75 74 70 False
68 64 58 55 54 49 False
28 23 22 19 17 16 False
27 20 19 16 14 17 False
78 73 72 69 66 66 False
23 18 16 13 11 8 7 3 False
29 22 19 18 15 12 10 3 False
26 21 23 21 18 15 13 12 False
48 43 44 41 38 35 36 False
20 15 12 10 7 9 9 False
37 30 28 25 23 25 21 False
24 18 19 16 14 7 False
38 31 30 30 29 26 False
11 5 5 2 4 False
74 67 64 63 62 62 60 60 False
95 90 88 87 87 84 80 False
36 29 26 25 25 22 19 13 False
70 64 60 59 57 56 False
93 87 83 80 78 77 78 False
77 72 68 65 65 False
65 58 54 53 50 48 44 False
91 84 80 77 75 74 69 False
84 77 76 71 69 68 False
74 67 65 59 61 False
58 52 50 45 45 False
49 43 41 40 34 33 31 27 False
78 71 70 63 58 False
32 33 36 39 37 False
29 30 32 35 36 37 38 38 False
5 7 9 10 13 17 False
36 37 39 41 42 44 50 False
62 64 65 66 69 68 71 False
27 29 26 29 31 34 32 False
34 37 39 40 43 41 41 False
36 39 42 43 45 44 45 49 False
78 80 81 80 82 83 89 False
7 9 12 12 13 16 18 False
32 35 36 36 38 35 False
10 11 11 13 13 False
43 44 44 46 48 52 False
49 51 53 55 56 56 63 False
14 16 18 20 24 27 28 29 False
64 65 69 70 72 73 76 73 False
63 66 69 70 72 76 76 False
33 35 39 40 41 42 46 False
13 15 18 21 25 32 False
31 33 35 36 39 44 47 False
56 57 62 65 66 69 66 False
18 21 22 23 28 28 False
67 68 69 72 78 82 False
81 83 84 89 92 99 False
54 51 54 55 57 58 False
56 54 57 59 61 62 61 False
62 61 63 66 67 68 68 False
40 37 38 40 43 46 48 52 False
37 34 37 38 39 42 45 52 False
6 4 6 9 7 8 10 False
31 30 32 31 28 False
94 92 93 96 98 97 99 99 False
70 69 72 71 75 False
18 15 17 16 23 False
75 72 72 75 78 81 False
33 30 32 32 35 36 35 False
51 50 52 53 53 53 False
53 51 54 54 58 False
37 34 34 35 38 45 False
17 14 17 21 23 24 26 False
71 69 72 74 78 80 82 80 False
15 13 17 19 19 False
80 78 80 84 86 90 False
25 22 26 29 34 False
83 82 88 89 92 95 96 False
53 51 52 53 54 60 59 False
35 34 39 40 41 41 False
65 62 67 70 73 76 79 83 False
82 80 82 83 88 91 97 False
65 65 67 69 70 73 74 75 False
22 22 23 25 27 26 False
69 69 72 75 78 81 82 82 False
40 40 43 44 46 49 50 54 False
81 81 84 87 89 96 False
4 4 7 4 7 10 False
73 73 70 73 70 False
86 86 87 86 86 False
72 72 74 73 77 False
7 7 9 10 7 9 11 16 False
54 54 57 57 58 False
53 53 56 57 59 62 62 59 False
74 74 76 76 76 False
80 80 82 83 83 86 90 False
2 2 2 4 9 False
88 88 90 93 97 98 99 False
32 32 36 37 34 False
72 72 74 78 78 False
32 32 36 37 40 41 42 46 False
12 12 15 19 21 26 False
3 3 9 10 11 13 False
23 23 30 32 30 False
58 58 65 67 69 69 False
39 39 42 43 49 50 51 55 False
9 9 10 17 19 22 27 False
82 86 89 92 93 96 False
34 38 40 42 44 46 45 False
22 26 28 29 29 False
52 56 59 62 65 66 70 False
61 65 68 71 74 75 77 83 False
38 42 39 41 44 47 50 False
63 67 68 70 68 71 68 False
33 37 38 36 38 38 False
3 7 10 12 11 14 18 False
21 25 27 25 27 32 False
45 49 49 50 52 55 False
27 31 33 33 34 31 False
8 12 13 13 15 17 17 False
6 10 10 11 14 16 20 False
65 69 72 72 75 76 82 False
86 90 94 96 99 False
47 51 55 57 60 62 59 False
63 67 69 72 74 78 79 79 False
13 17 18 22 23 27 False
58 62 65 66 67 71 78 False
66 70 72 74 76 78 83 84 False
27 31 32 37 40 38 False
57 61 63 68 68 False
27 31 34 36 42 43 47 False
38 42 43 44 46 49 55 60 False
4 9 11 12 14 16 False
20 26 27 29 32 30 False
75 81 84 86 87 90 90 False
16 22 23 26 30 False
9 15 16 19 22 25 28 34 False
26 33 32 35 38 False
1 8 10 12 9 6 False
6 12 15 13 14 16 19 19 False
80 85 88 89 91 93 90 94 False
59 65 68 69 67 73 False
8 14 16 18 19 21 21 24 False
85 90 91 92 92 93 92 False
32 38 38 41 43 46 47 47 False
53 60 61 62 62 64 67 71 False
67 73 75 78 78 81 88 False
61 67 70 74 77 78 79 80 False
67 74 78 79 81 80 False
24 29 31 35 38 38 False
7 12 16 19 23 False
13 19 20 24 27 28 29 35 False
53 60 63 70 72 False
69 75 78 79 86 88 86 False
3 10 12 13 20 20 False
31 36 39 41 46 50 False
64 71 77 79 82 84 90 False
83 80 77 74 75 False
99 97 94 92 89 86 83 83 False
59 57 55 53 49 False
77 75 74 73 67 False
10 8 5 4 2 4 3 1 False
37 34 33 36 35 34 36 False
55 52 51 53 53 False
30 27 24 23 24 23 21 17 False
84 83 86 85 78 False
36 34 33 33 31 False
19 16 16 14 13 14 False
80 78 76 76 76 False
70 68 66 64 64 61 60 56 False
84 81 80 79 79 73 False
93 91 88 84 83 False
63 61 57 56 53 52 50 51 False
85 84 80 77 77 False
85 84 82 81 77 74 70 False
21 20 16 15 12 9 2 False
41 39 38 32 31 28 False
82 81 80 74 76 False
64 61 55 54 53 50 50 False
39 36 31 28 26 22 False
78 75 68 65 60 False
96 97 95 92 89 88 86 84 False
97 98 96 94 97 False
86 89 87 84 84 False
58 61 58 56 52 False
72 73 72 70 69 68 67 60 False
33 34 35 32 29 28 False
62 65 63 61 60 59 61 63 False
33 36 39 36 34 31 31 False
48 50 49 52 50 46 False
17 20 22 20 19 12 False
65 66 65 64 64 62 59 False
84 85 84 84 85 False
31 32 31 28 26 26 26 False
63 66 64 61 61 58 57 53 False
66 69 68 66 66 60 False
20 23 19 16 15 False
85 86 83 81 77 74 75 False
49 50 48 44 44 False
54 57 53 51 47 False
45 46 42 39 38 36 29 False
29 32 30 29 24 21 18 17 False
19 22 21 16 15 13 14 False
76 77 72 71 68 65 64 64 False
86 87 85 83 77 76 72 False
62 63 61 60 57 54 47 41 False
36 36 35 33 32 30 28 25 False
98 98 96 93 96 False
72 72 71 68 67 65 62 62 False
29 29 26 23 21 19 17 13 False
41 41 39 37 36 29 False
36 36 33 30 27 29 28 False
77 77 78 75 72 71 73 False
56 56 53 52 49 48 50 50 False
75 75 77 74 70 False
78 78 79 77 74 73 71 66 False
30 30 29 26 25 22 22 19 False
43 43 43 41 38 36 37 False
18 18 18 17 16 15 13 13 False
55 55 52 51 48 48 44 False
65 65 63 63 62 60 54 False
58 58 54 51 50 False
51 51 50 46 49 False
63 63 62 59 57 53 53 False
68 68 64 61 58 55 54 50 False
32 32 30 27 26 22 21 15 False
66 66 60 57 54 51 49 47 False
84 84 81 78 72 75 False
81 81 75 74 74 False
49 49 46 44 42 41 35 31 False
41 41 39 38 32 30 23 False
98 94 91 88 86 85 83 False
66 62 60 58 59 False
66 62 59 58 58 False
63 59 58 55 54 53 50 46 False
69 65 62 59 58 55 48 False
37 33 36 34 31 False
53 49 48 46 44 47 49 False
97 93 92 94 91 89 86 86 False
76 72 71 70 73 72 68 False
39 35 33 31 34 27 False
70 66 65 65 64 False
89 85 84 83 82 80 80 81 False
77 73 70 68 68 68 False
66 62 59 58 58 57 53 False
43 39 36 36 33 32 25 False
79 75 72 70 66 65 False
71 67 65 62 58 56 53 55 False
82 78 75 71 71 False
40 36 32 31 29 28 27 23 False
91 87 86 83 82 78 72 False
76 72 70 69 64 63 60 57 False
69 65 60 57 59 False
24 20 18 17 14 8 8 False
43 39 37 34 32 31 24 20 False
74 70 63 62 60 54 False
21 16 13 12 11 10 8 False
79 73 72 69 66 63 60 61 False
30 25 23 21 19 19 False
63 57 55 52 49 47 46 42 False
26 19 18 17 16 14 7 False
60 54 56 53 52 49 False
42 37 36 39 38 37 35 36 False
81 76 79 77 74 74 False
27 20 19 18 15 12 15 11 False
58 53 52 53 50 44 False
17 12 10 9 8 7 7 5 False
26 21 20 20 21 False
99 93 90 87 87 84 82 82 False
31 24 21 18 15 12 12 8 False
36 31 29 27 26 26 19 False
32 27 26 22 20 18 False
75 68 64 61 59 62 False
22 15 13 9 9 False
64 58 57 53 49 False
47 42 40 36 33 30 28 23 False
19 12 10 4 3 False
20 14 11 10 9 7 1 4 False
16 10 5 4 2 2 False
88 83 78 75 71 False
98 92 87 86 83 81 75 False
70 72 74 77 75 False
36 38 40 43 46 46 False
40 42 44 45 47 48 49 53 False
73 75 77 80 82 89 False
67 69 67 68 71 False
80 83 85 87 89 87 84 False
71 73 74 71 74 74 False
31 34 36 33 34 35 39 False
77 80 79 82 83 84 90 False
19 22 25 25 27 28 False
74 76 77 77 78 79 82 79 False
91 94 94 95 95 False
66 69 70 71 71 72 76 False
44 47 49 52 52 58 False
4 6 7 11 14 16 18 False
80 81 85 87 89 88 False
81 84 86 90 93 93 False
5 8 10 12 14 18 22 False
15 16 20 21 26 False
16 19 24 26 27 False
81 83 86 88 93 94 91 False
61 62 63 66 71 74 74 False
13 14 16 23 27 False
46 47 53 54 57 63 False
34 33 36 38 41 43 46 48 False
50 47 49 52 55 56 58 57 False
10 9 10 12 12 False
36 33 34 35 37 39 40 44 False
68 66 67 69 71 74 80 False
83 80 81 79 80 81 False
78 76 78 79 78 80 83 80 False
56 53 56 54 57 57 False
31 28 29 31 30 34 False
62 59 56 58 63 False
6 5 7 7 9 False
22 19 21 23 23 24 21 False
31 28 30 33 34 36 36 36 False
65 64 65 68 68 70 71 75 False
7 6 8 11 11 12 13 18 False
60 58 59 61 63 65 69 72 False
48 46 47 49 53 51 False
78 77 81 84 86 88 88 False
15 13 15 16 19 23 27 False
48 46 50 52 54 55 58 63 False
18 16 18 19 25 27 29 False
71 68 69 72 73 80 82 80 False
68 66 68 70 77 77 False
75 74 76 79 85 86 90 False
69 67 70 72 74 81 83 89 False
66 66 67 70 72 73 False
6 6 9 11 10 False
15 15 16 19 19 False
53 53 54 57 58 62 False
79 79 82 85 91 False
25 25 23 25 28 29 False
1 1 3 1 4 1 False
80 80 81 82 80 82 85 85 False
36 36 38 41 40 41 45 False
8 8 10 13 16 13 16 21 False
7 7 7 10 12 13 15 18 False
39 39 41 43 43 46 48 45 False
10 10 13 13 14 17 17 False
71 71 72 74 76 76 80 False
53 53 56 59 59 65 False
19 19 23 26 28 29 32 False
67 67 68 69 71 75 74 False
62 62 65 69 71 73 74 74 False
42 42 46 48 49 51 55 False
47 47 51 53 56 58 63 False
54 54 61 64 65 False
77 77 84 85 87 84 False
15 15 20 23 24 25 25 False
87 87 94 95 99 False
17 17 22 24 29 False
42 46 47 49 51 54 55 57 False
54 58 59 62 59 False
60 64 66 67 69 71 73 73 False
6 10 11 14 15 18 22 False
46 50 52 55 58 61 68 False
13 17 20 23 22 25 28 False
35 39 40 43 46 45 44 False
24 28 31 29 32 32 False
24 28 30 31 30 33 36 40 False
75 79 80 81 78 79 85 False
23 27 27 29 30 False
47 51 52 52 53 51 False
34 38 38 41 43 44 46 46 False
61 65 66 66 70 False
86 90 91 91 97 False
5 9 11 13 15 18 22 24 False
70 74 77 81 83 81 False
5 9 12 16 19 19 False
61 65 66 70 72 75 79 False
59 63 67 70 73 78 False
12 16 18 24 27 False
19 23 25 26 28 33 36 33 False
78 82 87 89 91 91 False
76 80 83 88 92 False
8 12 14 21 28 False
24 29 30 32 33 34 36 False
51 58 60 61 62 63 61 False
38 45 47 50 50 False
57 63 64 66 67 68 72 False
6 12 14 15 18 20 26 False
5 10 9 12 14 False
50 55 52 53 51 False
16 21 18 20 23 25 25 False
9 14 11 14 18 False
72 79 80 82 80 81 82 87 False
85 91 92 92 93 94 False
85 91 91 93 92 False
3 8 10 10 11 11 False
12 19 19 21 25 False
40 47 48 51 52 54 54 61 False
78 83 84 88 90 92 93 95 False
48 54 57 61 58 False
76 81 82 85 89 89 False
56 63 64 65 68 72 76 False
64 71 72 75 76 80 85 False
38 45 50 53 54 56 False
56 61 62 67 69 70 67 False
45 51 54 59 60 62 64 64 False
2 8 11 18 19 23 False
60 67 70 71 73 80 82 89 False
65 63 61 59 60 False
85 82 79 76 73 71 69 69 False
18 17 14 11 8 6 5 1 False
20 18 16 15 13 12 7 False
61 60 58 56 53 54 51 False
54 51 54 52 51 52 False
14 12 11 8 11 8 7 7 False
81 78 77 76 78 75 72 68 False
17 15 13 12 15 10 False
44 43 41 39 39 38 37 False
63 61 58 57 57 55 56 False
82 80 79 77 75 73 73 73 False
98 95 92 92 88 False
54 52 52 51 49 46 41 False
16 15 14 12 8 6 5 False
44 41 37 36 37 False
39 36 34 32 28 27 24 24 False
94 92 89 85 84 80 False
61 60 56 54 51 49 48 42 False
50 48 42 41 39 False
92 90 89 87 80 82 False
57 54 48 45 44 41 39 39 False
67 66 64 59 57 53 False
49 47 45 38 36 35 30 False
97 98 95 93 90 89 87 86 False
24 26 24 21 24 False
37 39 37 36 33 30 30 False
61 63 60 59 58 54 False
63 66 64 62 56 False
68 71 70 72 71 70 False
88 89 92 91 89 91 False
28 29 28 27 30 28 28 False
21 22 24 22 20 19 15 False
91 92 95 92 85 False
68 71 70 69 68 68 66 63 False
73 76 73 72 70 67 67 70 False
38 41 38 38 37 37 False
71 73 72 72 71 68 65 61 False
17 19 16 15 15 14 7 False
38 40 37 35 34 30 28 27 False
11 12 10 8 4 6 False
89 92 91 88 84 81 81 False
80 81 79 76 72 68 False
51 52 50 48 44 39 False
35 37 34 27 25 False
60 63 61 56 55 58 False
47 48 43 42 39 39 False
24 26 19 17 13 False
68 69 67 62 60 53 False
95 95 94 92 89 False
80 80 77 76 74 72 70 72 False
81 81 78 75 75 False
99 99 98 97 96 95 93 89 False
16 16 14 13 12 7 False
98 98 95 92 90 93 92 False
92 92 95 92 89 92 False
41 41 38 41 40 40 False
50 50 48 50 46 False
21 21 22 19 16 14 9 False
49 49 49 47 44 41 38 False
74 74 72 71 71 72 False
10 10 8 6 3 3 2 2 False
71 71 69 66 65 65 63 59 False
81 81 81 80 75 False
20 20 16 14 13 False
46 46 42 40 39 38 39 False
9 9 8 7 3 3 False
76 76 72 71 69 68 67 63 False
47 47 46 44 40 39 34 False
25 25 22 21 16 14 False
78 78 72 71 68 67 70 False
26 26 20 17 17 False
21 21 14 11 10 6 False
63 63 56 55 53 51 50 43 False
95 91 90 88 86 84 83 81 False
54 50 48 46 43 45 False
84 80 78 76 76 False
44 40 37 36 34 30 False
32 28 26 25 23 18 False
29 25 24 23 24 22 21 20 False
77 73 70 67 70 68 69 False
60 56 58 56 54 53 51 51 False
92 88 85 84 86 82 False
62 58 55 53 52 54 53 46 False
45 41 41 38 37 35 False
38 34 31 31 33 False
71 67 65 65 65 False
27 23 20 18 15 15 11 False
82 78 78 75 74 71 70 64 False
80 76 74 72 70 66 65 False
56 52 51 47 46 43 41 44 False
71 67 65 61 61 False
81 77 74 73 69 65 False
98 94 92 91 88 84 79 False
41 37 35 30 27 False
88 84 81 80 75 77 False
34 30 27 25 24 19 19 False
54 50 48 45 43 38 36 32 False
64 60 59 54 52 45 False
93 88 86 85 82 False
54 47 46 43 46 False
26 21 19 18 18 False
24 18 15 13 12 9 6 2 False
73 68 66 63 60 57 54 49 False
62 56 55 56 54 51 50 False
65 58 56 59 57 54 52 55 False
92 87 86 85 82 85 85 False
15 9 7 10 6 False
73 66 63 62 61 64 59 False
77 71 70 67 67 66 63 False
65 60 57 55 55 53 56 False
76 70 70 68 66 65 62 62 False
37 30 28 28 27 25 22 18 False
43 38 35 35 32 25 False
93 87 83 81 79 76 False
72 66 62 61 60 57 60 False
78 73 69 67 67 False
96 90 87 83 79 False
53 46 45 41 35 False
74 68 66 61 58 False
96 90 84 81 79 76 79 False
90 83 82 77 76 76 False
98 92 86 83 82 78 False
63 58 55 54 52 45 44 38 False
66 71 71 72 74 75 77 False
6 4 6 10 13 14 14 False
42 40 39 36 31 25 False
45 44 46 45 44 43 42 38 False
37 39 40 43 45 46 46 False
15 11 8 7 3 1 3 False
53 53 52 51 47 False
24 19 18 13 7 False
39 35 34 33 30 27 20 False
32 32 30 26 29 False
75 75 80 83 85 88 88 False
26 26 30 32 33 34 37 False
46 46 48 47 42 False
46 41 39 36 32 31 27 False
91 88 86 83 80 73 False
71 67 66 63 59 False
41 45 47 46 47 50 51 False
43 37 35 36 32 False
8 9 10 10 12 13 15 20 False
28 28 29 30 30 31 34 38 False
66 69 66 63 65 66 False
98 94 91 87 86 86 False
35 34 33 33 32 False
9 6 6 7 8 13 False
7 10 12 15 17 19 24 24 False
52 48 51 49 43 False
97 98 91 88 85 83 82 78 False
79 79 78 75 70 70 False
47 43 40 39 36 32 28 False
11 8 7 4 1 1 False
37 36 39 39 41 42 45 47 False
58 58 58 57 54 53 50 48 False
25 25 24 23 18 False
49 47 44 38 37 36 34 36 False
33 32 37 38 40 42 43 False
12 19 24 25 26 False
38 40 41 42 45 46 49 55 False
64 60 57 56 56 54 51 49 False
47 47 49 52 53 60 62 67 False
28 31 27 24 21 19 22 False
38 45 48 51 51 56 False
73 70 70 68 64 False
82 82 81 79 77 72 73 False
43 45 48 50 53 56 58 59 True
60 63 64 67 68 69 72 True
72 74 77 79 81 84 True
60 57 55 54 52 50 47 True
57 54 52 50 47 44 True
8 9 11 14 15 True
82 79 77 74 71 68 66 True
34 31 30 29 26 23 21 True
10 13 14 17 18 21 22 23 True
79 77 76 73 71 70 True
87 89 92 93 96 97 True
82 81 80 78 77 76 73 72 True
22 19 16 14 13 True
79 80 82 83 84 86 88 True
76 78 80 82 83 True
15 18 19 20 23 24 27 True
65 67 68 71 73 75 77 79 True
42 41 40 39 38 True
33 34 37 38 41 44 46 True
69 72 75 76 78 81 True
90 87 86 85 83 True
57 56 54 53 50 49 47 45 True
67 65 62 61 59 56 55 True
23 25 27 29 32 33 True
70 67 66 63 60 57 55 True
90 88 85 83 82 79 76 73 True
91 88 86 83 80 79 76 73 True
37 35 32 31 28 26 25 22 True
22 23 25 27 28 29 32 True
96 93 90 89 88 True
59 57 56 55 54 True
38 37 35 32 31 True
11 10 7 6 5 3 True
51 50 48 45 42 40 38 35 True
69 68 65 64 63 61 59 58 True
45 42 39 37 36 34 32 True
3 4 7 8 9 True
43 46 48 49 50 53 54 55 True
35 37 40 43 46 True
46 44 41 38 36 33 True
15 13 10 7 5 2 True
13 11 10 9 8 7 6 True
40 43 46 47 48 51 True
70 71 74 76 79 True
59 58 56 55 52 49 True
86 89 91 92 95 97 98 True
85 88 90 92 93 True
63 62 59 57 55 52 50 True
77 74 72 70 68 67 True
50 47 45 44 41 38 36 True
82 84 85 88 90 91 94 97 True
13 15 16 18 20 23 26 28 True
61 63 65 68 70 72 75 76 True
80 81 82 83 85 True
73 71 68 67 66 65 62 True
45 48 50 53 56 58 59 62 True
9 10 13 16 19 22 23 26 True
40 39 36 34 31 30 27 25 True
90 88 86 83 82 81 True
29 31 33 35 38 41 44 True
57 54 53 51 49 46 43 True
89 87 85 84 83 82 True
43 41 38 35 34 33 31 30 True
26 23 22 21 18 16 14 True
80 81 82 84 87 True
42 43 45 48 50 51 53 55 True
15 12 10 8 5 4 True
36 34 31 29 28 27 True
15 13 12 9 6 3 True
54 51 50 49 47 True
40 43 46 47 48 51 53 True
38 36 33 32 31 28 26 23 True
65 64 61 59 57 55 True
84 83 81 79 78 77 True
12 15 16 18 20 True
37 38 40 43 46 48 50 True
20 21 22 23 24 25 27 True
82 83 84 87 89 True
30 32 34 37 39 42 45 48 True
87 85 83 80 77 74 True
65 66 69 70 71 True
76 79 80 83 86 87 True
5 8 11 14 15 True
6 8 10 13 16 19 True
18 15 14 12 10 True
71 72 75 77 79 81 82 83 True
33 30 28 26 24 22 True
67 68 69 71 72 73 True
89 90 93 94 97 True
25 22 21 19 16 13 True
70 68 66 64 63 60 True
26 27 29 31 32 35 38 True
22 24 26 27 29 32 33 34 True
25 27 29 30 33 36 39 True
56 53 51 50 48 47 46 True
20 22 23 24 26 27 28 True
24 27 29 31 34 True
86 83 81 78 76 75 72 71 True
33 35 36 39 40 41 43 True
13 14 16 19 21 23 True
64 61 58 56 54 53 51 49 True
25 28 31 33 34 36 True
79 77 75 72 69 66 65 True
85 87 90 92 93 95 96 True
40 42 44 47 49 52 54 True
39 38 35 34 33 32 29 True
29 30 33 35 38 40 42 True
96 93 92 90 88 87 85 True
50 52 53 54 57 60 True
29 28 25 22 19 17 True
55 54 53 52 50 48 True
27 26 23 20 17 16 True
60 63 65 67 70 72 73 75 True
31 28 26 24 23 22 True
50 47 46 44 43 True
30 31 33 36 37 40 43 True
79 78 76 74 73 70 67 True
51 52 53 56 58 60 61 True
83 82 79 76 74 72 71 68 True
33 34 35 37 40 42 45 True
81 82 85 86 87 90 True
94 93 92 91 89 87 85 83 True
12 14 16 19 21 23 True
3 5 8 11 13 15 17 True
82 80 77 75 74 True
28 30 31 34 36 38 True
83 80 78 77 76 75 74 71 True
47 49 52 54 56 59 60 True
45 43 40 39 38 35 33 30 True
9 7 6 5 4 3 True
15 18 21 22 24 27 True
19 21 24 27 30 32 33 True
30 27 25 22 19 True
38 37 34 31 29 27 24 22 True
74 77 79 81 82 83 85 86 True
81 79 78 77 75 73 True
52 51 50 49 47 44 43 True
15 12 9 7 4 2 1 True
32 29 26 23 21 18 15 True
6 7 10 12 13 16 True
22 24 25 27 28 31 33 True
9 12 15 16 19 21 23 True
23 21 20 19 18 15 12 10 True
50 52 55 58 59 True
2 3 6 8 10 12 15 18 True
94 91 88 87 84 True
54 52 51 49 48 46 45 True
82 85 86 89 90 True
21 19 17 15 14 11 True
53 56 59 62 64 True
3 6 8 11 13 14 True
83 85 88 90 92 True
60 57 55 54 52 49 48 True
77 74 73 70 68 66 63 True
22 25 27 30 31 33 34 True
31 33 34 35 36 39 True
84 83 81 80 79 78 True
20 23 26 27 28 31 32 34 True
15 16 18 19 22 25 26 True
99 97 96 94 92 90 True
73 72 70 68 67 66 63 61 True
65 63 62 61 58 56 55 52 True
78 79 81 84 85 88 91 92 True
74 71 68 67 65 True
46 49 51 53 56 57 True
21 22 23 24 25 26 True
33 35 38 40 41 44 47 True
88 91 92 93 96 True
25 28 30 33 35 True
89 92 95 96 97 True
92 90 88 85 82 79 78 77 True
77 80 81 84 86 89 90 92 True
74 76 78 80 81 83 84 True
75 74 71 69 68 65 True
17 16 13 10 9 True
10 12 15 18 19 True
47 49 52 54 55 True
91 88 87 85 84 True
52 51 49 48 46 43 40 37 True
86 84 83 81 78 75 True
11 13 15 18 20 21 23 25 True
94 93 91 88 86 84 81 True
71 70 67 65 64 True
41 44 45 47 48 True
77 80 82 84 87 True
98 95 93 92 90 88 True
76 79 81 82 84 85 87 90 True
52 50 49 47 44 41 39 True
84 85 88 89 91 94 97 98 True
76 79 80 81 83 84 86 88 True
21 23 26 27 29 True
94 93 90 87 85 84 81 True
76 77 80 83 85 88 90 93 True
56 53 50 47 44 43 41 40 True
78 81 82 85 87 True
86 87 89 90 93 True
92 90 89 88 86 85 True
45 44 43 42 39 True
75 72 71 69 66 64 62 True
75 73 71 69 67 65 63 60 True
14 16 18 19 20 21 True
77 74 72 70 69 67 True
46 45 42 41 39 37 36 35 True
20 18 16 13 10 7 6 3 True
64 66 69 71 72 75 True
16 18 21 23 24 25 26 28 True
61 59 57 56 54 52 50 True
44 45 48 51 54 57 58 60 True
25 28 31 32 35 True
79 78 76 73 71 70 True
64 65 68 71 73 74 True
58 60 63 64 67 True
33 35 36 37 39 41 True
